248400124 365
248400818 692
248401531 711
248402128 595
248403049 919
248403827 776
248405396 1567
248409152 3754
248410564 1410
248411271 705
248411886 613
248417093 5205
248417674 579
248420163 2487
248420633 468
248421231 596
248421641 408
248422661 1018
248423193 530
248423591 396
248424263 670
248425243 978
248426487 1242
248426898 409
248427909 1009
248428982 1071
248429404 420
248430748 1342
248432180 1430
248433849 1667
248434364 513
248434882 516
248435529 645
248436462 931
248436926 462
248438456 1528
248438993 535
248439526 531
248440282 754
248441609 1325
248443432 1821
248445737 2303
248446481 742
248446848 365
248447283 433
248447973 688
248448423 448
248448778 353
248449455 675
248449934 477
248452036 2100
248452681 643
248453395 712
248453890 493
248454219 327
248454870 649
248456462 1590
248457722 1258
248458351 627
248459113 760
248459910 795
248460542 630
248461381 837
248461791 408
248462138 345
248462775 635
248463245 468
248463764 517
248464067 301
248464701 632
248465068 365
248465503 433
248466139 634
248466949 808
248467397 446
248467799 400
248469086 1285
248469468 380
248469768 298
248470207 437
248470867 658
248471238 369
248471649 409
248472200 549
248472779 577
248479979 7198
248480918 937
248481326 406
248482040 712
248483518 1476
248483856 336
248484234 376
248484779 543
248485095 314
248485569 472
248485883 312
248486279 394
248486679 398
248487326 645
248488659 1331
248489162 501
248489446 282
248489778 330
248490094 314
248490452 356
248491307 853
248491797 488
248492475 676
248492853 376
248493456 601
248494728 1270
248495883 1153
248496491 606
248496834 341
248497640 804
248498062 420
248498372 308
248498671 297
248499061 388
248499440 377
248499794 352
248501022 1226
248501391 367
248502219 826
248506194 3973
248506801 605
248507438 635
248507913 473
248508302 387
248509034 730
248510054 1018
248510377 321
248511147 768
248511800 651
248512829 1027
248513480 649
248513867 385
248514308 439
248514979 669
248515681 700
248516516 833
248516844 326
248517342 496
248518008 664
248518927 917
248519318 389
248519679 359
248520239 558
248520573 332
248521584 1009
248521935 349
248522270 333
248523236 964
248526359 3121
248526936 575
248527232 294
248527563 329
248527938 373
248528601 661
248528934 331
248529456 520
248529795 337
248530184 387
248530761 575
248532190 1427
248532751 559
248533236 483
248533538 300
248533942 402
248534361 417
248534692 329
248535662 968
248536027 363
248536551 522
248536868 315
248537383 513
248537850 465
248538336 484
248538706 368
248538996 288
248539490 492
248540383 891
248540746 361
248541070 322
248541478 406
248541986 506
248542617 629
248542926 307
248543284 356
248543651 365
248544013 360
248544363 348
248544826 461
248545201 373
248545601 398
248545966 363
248546334 366
248546775 439
248547293 516
248547627 332
248547987 358
248548472 483
248548848 374
248549198 348
248549576 376
248550458 880
248550805 345
248551513 706
248551795 280
248552100 303
248552386 284
248552748 360
248553060 310
248553664 602
248554076 410
248554441 363
248554751 308
248555072 319
248555449 375
248555830 379
248556203 371
248556573 368
248556995 420
248557317 320
248557710 391
248558216 504
248558668 450
248559038 368
248559502 462
248559949 445
248560223 272
248560558 333
248560826 266
248561178 350
248561526 346
248561878 350
248562619 739
248563382 761
248564323 939
248564764 439
248565188 422
248566270 1080
248567601 1329
248568381 778
248568710 327
248569082 370
248569779 695
248570139 358
248570928 787
248571322 392
248571757 433
248572093 334
248572786 691
248573250 462
248573642 390
248574589 945
248575375 784
248576141 764
248576952 809
248577806 852
248578461 653
248578901 438
248579628 725
248580138 508
248580441 301
248581132 689
248581445 311
248581820 373
248582403 581
248583026 621
248583472 444
248584188 714
248584723 533
248585096 371
248585486 388
248586081 593
248586504 421
248587923 1417
248588249 324
248588882 631
248589925 1041
248590307 380
248590619 310
248591243 622
248591724 479
248592373 647
248592936 561
248593631 693
248594699 1066
248595109 408
248595514 403
248596324 808
248596641 315
248597084 441
248597782 696
248598177 393
248599885 1706
248600516 629
248600853 335
248601289 434
248601615 324
248602377 760
248602793 414
248603426 631
248603806 378
248604885 1077
248605290 403
248605836 544
248606549 711
248606828 277
248607232 402
248607550 316
248608239 687
248608532 291
248608871 337
248609295 422
248609932 635
248610307 373
248610779 470
248611588 807
248612304 714
248612720 414
248613343 621
248615443 2098
248617452 2007
248617785 331
248618169 382
248619040 869
248619668 626
248620280 610
248621768 1486
248622752 982
248623764 1010
248624874 1108
248625831 955
248626564 731
248627339 773
248628277 936
248629459 1180
248629848 387
248633072 3222
248634097 1023
248635255 1156
248636464 1207
248638049 1583
248638951 900
248641228 2275
248641604 374
248642911 1305
248643756 843
248644285 527
248644971 684
248645444 471
248646166 720
248648219 2051
248649256 1035
248649608 350
248650563 953
248652309 1744
248654814 2503
248655654 838
248656098 442
248657264 1164
248658602 1336
248660375 1771
248661357 980
248662510 1151
248664308 1796
248665343 1033
248666241 896
248667196 953
248668138 940
248669276 1136
248670147 869
248670586 437
248671249 661
248672483 1232
248673302 817
248674698 1394
248677231 2531
248678611 1378
248679103 490
248679917 812
248681415 1496
248682729 1312
248684065 1334
248685015 948
248691239 6222
248691558 317
248692445 885
248693205 758
248695057 1850
248696973 1914
248698817 1842
248700900 2081
248701504 602
248702997 1491
248704349 1350
248705506 1155
248708632 3124
248710198 1564
248711303 1103
248712265 960
248713652 1385
248714901 1247
248716547 1644
248718566 2017
248719494 926
248719900 404
248720263 361
248720905 640
248722458 1551
248723352 892
248724437 1083
248725291 852
248725813 520
248726763 948
248727100 335
248727740 638
248728641 899
248730097 1454
248730482 383
248731308 824
248732129 819
248733408 1277
248734027 617
248735283 1254
248735894 609
248736668 772
248737289 619
248738418 1127
248739444 1024
248740013 567
248740500 485
248740816 314
248741514 696
248742047 531
248742555 506
248743178 621
248744644 1464
248745614 968
248746397 781
248747049 650
248747762 711
248748621 857
248748993 370
248749713 718
248750261 546
248751597 1334
248752694 1095
248753089 393
248754241 1150
248754631 388
248756052 1419
248756461 407
248757073 610
248757507 432
248758468 959
248759710 1240
248760702 990
248761545 841
248762298 751
248763122 822
248763685 561
248764502 815
248765856 1352
248767244 1386
248768526 1280
248769426 898
248770263 835
248771049 784
248771706 655
248772461 753
248773612 1149
248774389 775
248775310 919
248775839 527
248777384 1543
248779546 2160
248780823 1275
248782279 1454
248783345 1064
248784003 656
248785059 1054
248786697 1636
248787342 643
248789071 1727
248789802 729
248790738 934
248792749 2009
248793133 382
248793479 344
248794559 1078
248794914 353
248795287 371
248796200 911
248796626 424
248797640 1012
248798041 399
248798547 504
248798905 356
248799836 929
248800155 317
248800486 329
248800837 349
248801593 754
248801978 383
248802355 375
248802853 496
248803281 426
248804504 1221
248804903 397
248805688 783
248806586 896
248806913 325
248807614 699
248808509 893
248809028 517
248809554 524
248810046 490
248810390 342
248810933 541
248811202 267
248811770 566
248812175 403
248812742 565
248813531 787
248813915 382
248814482 565
248814852 368
248815316 462
248815696 378
248816091 393
248816636 543
248816957 319
248817363 404
248817824 459
248818223 397
248818874 649
248819344 468
248819680 334
248820000 318
248820452 450
248820778 324
248821188 408
248821792 602
248822112 318
248822533 419
248823506 971
248823907 399
248824651 742
248824982 329
248825399 415
248825820 419
248826325 503
248826931 604
248827300 367
248828047 745
248828849 800
248829290 439
248829645 353
248829993 346
248830404 409
248830728 322
248831351 621
248831726 373
248832401 673
248833023 620
248833531 506
248834326 793
248834631 303
248835002 369
248835590 586
248836211 619
248837067 854
248839054 1985
248839457 401
248840008 549
248840410 400
248840726 314
248841070 342
248841413 341
248842179 764
248842620 439
248843232 610
248844144 910
248844513 367
248844911 396
248845256 343
248845687 429
248847119 1430
248847478 357
248848127 647
248848804 675
248849368 562
248849869 499
248850297 426
248850856 557
248851957 1099
248852265 306
248853303 1036
248853849 544
248854196 345
248854663 465
248855241 576
248855834 591
248856171 335
248856767 594
248857192 423
248857689 495
248858114 423
248858437 321
248858775 336
248860268 1491
248860699 429
248861177 476
248861509 330
248862197 686
248863125 926
248863668 541
248864518 848
248865090 570
248865584 492
248866378 792
248866905 525
248867251 344
248868371 1118
248868706 333
248869077 369
248869504 425
248870285 779
248870612 325
248870954 340
248871406 450
248871734 326
248872258 522
248874177 1917
248875784 1605
248877607 1821
248877902 293
248878235 331
248878729 492
248879073 342
248879511 436
248879834 321
248880195 359
248881704 1507
248882502 796
248883138 634
248883926 786
248884659 731
248885395 734
248886098 701
248886515 415
248887469 952
248887989 518
248889548 1557
248890632 1082
248892580 1946
248893044 462
248893504 458
248894255 749
248894713 456
248895050 335
248895409 357
248895750 339
248896105 353
248897306 1199
248897705 397
248898361 654
248898773 410
248899443 668
248899763 318
248900315 550
248900865 548
248901219 352
248901747 526
248902125 376
248902578 451
248903674 1094
248904245 569
248904575 328
248905582 1005
248906420 836
248906754 332
248907312 556
248907707 393
248908401 692
248908808 405
248909983 1173
248910490 505
248910875 383
248911299 422
248911614 313
248912085 469
248912559 472
248913044 483
248913369 323
248913779 408
248914655 874
248915603 946
248916219 614
248916830 609
248917676 844
248918008 330
248918618 608
248918929 309
248919925 994
248920558 631
248921278 718
248922177 897
248922840 661
248923494 652
248924276 780
248924721 443
248925727 1004
248926369 640
248927095 724
248927423 326
248928808 1383
248929610 800
248929932 320
248930267 333
248930784 515
248931138 352
248931897 757
248932313 414
248932728 413
248933557 827
248933965 406
248934544 577
248935131 585
248935527 394
248936778 1249
248937129 349
248937822 691
248939566 1742
248939915 347
248941545 1628
248942019 472
248942537 516
248942988 449
248943529 539
248944093 562
248944412 317
248944686 272
248945214 526
248946263 1047
248946670 405
248946986 314
248947296 308
248947639 341
248947982 341
248948369 385
248948685 314
248949276 589
248949760 482
248950669 907
248951482 811
248951778 294
248952133 353
248952457 322
248953333 874
248954113 778
248954758 643
248956362 1602
248957575 1211
248958160 583
248958672 510
248959249 575
248959768 517
248960546 776
248961104 556
248961674 568
248962726 1050
248963387 659
248966477 3088
248967002 523
248967535 531
248968756 1219
248969290 532
248969756 464
248970159 401
248970648 487
248970968 318
248971653 683
248972096 441
248973016 918
248973526 508
248973853 325
248974817 962
248975337 518
248975698 359
248977035 1335
248978061 1024
248978743 680
248979322 577
248979684 360
248980154 468
248980441 285
248980876 433
248981175 297
248981697 520
248982169 470
248982543 372
248983186 641
248984128 940
248984472 342
248984846 372
248985285 437
248985660 373
248986041 379
248986390 347
248986891 499
248987295 402
248988292 995
248988691 397
248989073 380
248989396 321
248990131 733
248990598 465
248991084 484
248991418 332
248991867 447
248992870 1001
248993902 1030
248994281 377
248994869 586
248995178 307
248995716 536
248996027 309
248996448 419
248996926 476
248997268 340
248997656 386
248998081 423
248998442 359
248999378 934
249000667 1287
249001256 587
249001998 740
249002739 739
249003466 725
249003945 477
249005038 1091
249005579 539
249006075 494
249006477 400
249006892 413
249007225 331
249008028 801
249008371 341
249008912 539
249009299 385
249009952 651
249010251 297
249010740 487
249011144 402
249011459 313
249011844 383
249012352 506
249012952 598
249013498 544
249014136 636
249014514 376
249014826 310
249015101 273
249016688 1585
249017015 325
249017549 532
249018072 521
249019150 1076
249019553 401
249019931 376
249020557 624
249021219 660
249022452 1231
249023005 551
249023670 663
249024150 478
249025783 1631
249026311 526
249026836 523
249027505 667
249028277 770
249028647 368
249028995 346
249029580 583
249030325 743
249030825 498
249031427 600
249032410 981
249032898 486
249033387 487
249034032 643
249034747 713
249035166 417
249035553 385
249035976 421
249036328 350
249036917 587
249037293 374
249037673 378
249038084 409
249038877 791
249039341 462
249040096 753
249040563 465
249041119 554
249041705 584
249042179 472
249042645 464
249043133 486
249044254 1119
249045705 1449
249047020 1313
249047318 296
249047778 458
249048149 369
249048654 503
249048964 308
249049335 369
249049864 527
249050816 950
249051402 584
249052912 1508
249055019 2105
249055761 740
249056226 463
249057049 821
249057399 348
249057835 434
249058225 388
249058612 385
249059502 888
249060227 723
249060724 495
249061087 361
249061528 439
249061896 366
249062220 322
249062607 385
249063008 399
249063314 304
249063627 311
249064152 523
249064988 834
249065439 449
249066223 782
249066561 336
249067694 1131
249068222 526
249069300 1076
249069610 308
249070254 642
249070629 373
249071250 619
249072100 848
249072604 502
249073244 638
249073620 374
249073928 306
249074853 923
249075279 424
249075702 421
249076160 456
249077351 1189
249077939 586
249078298 357
249078816 516
249079322 504
249079826 502
249080574 746
249081038 462
249081682 642
249082507 823
249083054 545
249083581 525
249084573 990
249085093 518
249085632 537
249086078 444
249086714 634
249088198 1482
249088620 420
249088924 302
249089685 759
249090171 484
249090855 682
249091126 269
249091912 784
249092735 821
249093191 454
249093942 749
249094298 354
249094715 415
249095101 384
249095604 501
249095992 386
249096637 643
249097173 534
249097659 484
249098068 407
249098571 501
249099032 459
249099402 368
249099837 433
249100691 852
249101164 471
249101638 472
249102033 393
249102880 845
249103448 566
249104104 654
249104580 474
249105521 939
249106445 922
249112017 5570
249112356 337
249113665 1307
249115397 1730
249115797 398
249116105 306
249116616 509
249116929 311
249118660 1729
249119035 373
249119492 455
249119929 435
249121384 1453
249121761 375
249122142 379
249123008 864
249123337 327
249123740 401
249124155 413
249124612 455
249125107 493
249125723 614
249126033 308
249126405 370
249126823 416
249127148 323
249127548 398
249128252 702
249128818 564
249130068 1248
249130590 520
249130905 313
249131611 704
249132648 1035
249134223 1573
249134841 616
249135501 658
249136531 1028
249137387 854
249137698 309
249138190 490
249139099 907
249139497 396
249139778 279
249140229 449
249140721 490
249141039 316
249141552 511
249141860 306
249142287 425
249143803 1514
249144178 373
249145334 1154
249145647 311
249147777 2128
249148127 348
249148554 425
249150070 1514
249150445 373
249151601 1154
249152264 661
249152899 633
249153351 450
249153964 611
249154494 528
249154980 484
249155391 409
249155756 363
249156196 438
249156736 538
249157080 342
249157553 471
249158668 1113
249159217 547
249159927 708
249160271 342
249160578 305
249161003 423
249161468 463
249161958 488
249162281 321
249162618 335
249163306 686
249163916 608
249164628 710
249165186 556
249165945 757
249166235 288
249167690 1453
249168067 375
249168448 379
249169314 864
249169694 378
249170238 542
249171262 1022
249171887 623
249172486 597
249173851 1363
249174237 384
249174703 464
249174998 293
249175911 911
249176500 587
249176800 298
249177603 801
249178179 574
249178489 308
249178888 397
249179615 725
249180216 599
249180589 371
249182283 1692
249182659 374
249184200 1539
249184939 737
249186291 1350
249187306 1013
249187941 633
249188812 869
249190751 1937
249191069 316
249191468 397
249191862 392
249192297 433
249192764 465
249193115 349
249193615 498
249193950 333
249195722 1770
249196320 596
249196873 551
249197237 362
249197636 397
249198353 715
249198887 532
249200004 1115
249200668 662
249201339 669
249201690 349
249202713 1021
249203324 609
249203688 362
249204023 333
249204742 717
249205276 532
249205979 701
249206438 457
249206870 430
249207252 380
249207718 464
249208801 1081
249209369 566
249209782 411
249210192 408
249210592 398
249210862 268
249211575 711
249211933 356
249212314 379
249212789 473
249213586 795
249214237 649
249215481 1242
249215996 513
249216824 826
249220263 3437
249220720 455
249221374 652
249222104 728
249222550 444
249223041 489
249223456 413
249224491 1033
249225075 582
249225470 393
249226335 863
249226864 527
249227428 562
249228012 582
249230057 2043
249230610 551
249231158 546
249231570 410
249232421 849
249233172 749
249233577 403
249233869 290
249234358 487
249235086 726
249235696 608
249236027 329
249236454 425
249237063 607
249237492 427
249238443 949
249239526 1081
249239945 417
249240542 595
249241008 464
249241572 562
249242145 571
249242516 369
249243059 541
249243443 382
249243884 439
249244310 424
249245354 1042
249245716 360
249246773 1055
249247243 468
249247691 446
249248333 640
249249003 668
249249481 476
249250059 576
249250459 398
249250839 378
249251717 876
249252486 767
249252864 376
249253366 500
249253864 496
249254336 470
249254632 294
249254963 329
249255338 373
249256001 661
249256334 331
249256856 520
249257195 337
249257584 387
249258161 575
249259590 1427
249260151 559
249260636 483
249260938 300
249261342 402
249261761 417
249262092 329
249263062 968
249263427 363
249263951 522
249264268 315
249264783 513
249265250 465
249265736 484
249266106 368
249266396 288
249266890 492
249267783 891
249268146 361
249268470 322
249268878 406
249269386 506
249270017 629
249270326 307
249270684 356
249271051 365
249271413 360
249271763 348
249272226 461
249272601 373
249273001 398
249273366 363
249273734 366
249274175 439
249274693 516
249275027 332
249275387 358
249275872 483
249276248 374
249276598 348
249276976 376
249277858 880
249278205 345
249278913 706
249279195 280
249279500 303
249279786 284
249280148 360
249280460 310
249281064 602
249281476 410
249281841 363
249282151 308
249282472 319
249282849 375
249283230 379
249283603 371
249283973 368
249284395 420
249284717 320
249285110 391
249285616 504
249286068 450
249286438 368
249286902 462
249287349 445
249287623 272
249287958 333
249288226 266
249288578 350
249288926 346
249289278 350
249290019 739
249290782 761
249291723 939
249292164 439
249292588 422
249293670 1080
249295001 1329
249295781 778
249296110 327
249296482 370
249297179 695
249297539 358
249298328 787
249298722 392
249299157 433
249299493 334
249300186 691
249300650 462
249301042 390
249301989 945
249302775 784
249303541 764
249304352 809
249305206 852
249305861 653
249306301 438
249307028 725
249307538 508
249307841 301
249308532 689
249308845 311
249309220 373
249309803 581
249310426 621
249310872 444
249311588 714
249312123 533
249312496 371
249312886 388
249313481 593
249313904 421
249315323 1417
249315649 324
249316282 631
249317325 1041
249317707 380
249318019 310
249318643 622
249319124 479
249319773 647
249320336 561
249321031 693
249322099 1066
249322509 408
249322914 403
249323724 808
249324041 315
249324484 441
249325182 696
249325577 393
249327285 1706
249327916 629
249328253 335
249328689 434
249329015 324
249329777 760
249330193 414
249330826 631
249331206 378
249332285 1077
249332690 403
249333236 544
249333949 711
249334228 277
249334632 402
249334950 316
249335639 687
249335932 291
249336271 337
249336695 422
249337332 635
249337707 373
249338179 470
249338988 807
249339704 714
249340120 414
249340743 621
249342843 2098
249344852 2007
249345185 331
249345490 303
249346268 776
249347063 793
249348176 1111
249348535 357
249348896 359
249349248 350
249349576 326
249349978 400
249350346 366
249350703 355
249351098 393
249351571 471
249351913 340
249352260 345
249352648 386
249353866 1216
249354367 499
249354744 375
249355240 494
249355536 294
249355914 376
249356222 306
249356622 398
249357114 490
249358293 1177
249358783 488
249359883 1098
249360318 433
249361251 931
249361901 648
249362464 561
249362922 456
249364222 1298
249364889 665
249365579 688
249366438 857
249366786 346
249367165 377
249367707 540
249368770 1061
249369787 1015
249370961 1172
249372073 1110
249372878 803
249373218 338
249373729 509
249374518 787
249374969 449
249375432 461
249375845 411
249376639 792
249377291 650
249378457 1164
249379412 953
249379967 553
249380449 480
249382808 2357
249383276 466
249383837 559
249384188 349
249384630 440
249385156 524
249385507 349
249385920 411
249386784 862
249387230 444
249387607 375
249388169 560
249388619 448
249389102 481
249389560 456
249390103 541
249390953 848
249391291 336
249392196 903
249392803 605
249393701 896
249394316 613
249394969 651
249395897 926
249396323 424
249401337 5012
249401876 537
249402408 530
249402795 385
249403279 482
249403875 594
249404456 579
249404967 509
249405420 451
249405996 574
249407293 1295
249407778 483
249408198 418
249408506 306
249409036 528
249409389 351
249410041 650
249410522 479
249411336 812
249411710 372
249412064 352
249412648 582
249413240 590
249413571 329
249414555 982
249415064 507
249415474 408
249415841 365
249416158 315
249416572 412
249417024 450
249417391 365
249417906 513
249418285 377
249418634 347
249419546 910
249420424 876
249422092 1666
249422676 582
249423090 412
249423594 502
249424007 411
249424434 425
249425014 578
249425371 355
249425990 617
249426796 804
249427355 557
249427981 624
249429100 1117
249429655 553
249430196 539
249430700 502
249431051 349
249431781 728
249432356 573
249432731 373
249433510 777
249434170 658
249434525 353
249435125 598
249435598 471
249435971 371
249436621 648
249437313 690
249437713 398
249438025 310
249438527 500
249438949 420
249439281 330
249439870 587
249440584 712
249440911 325
249441242 329
249441712 468
249442513 799
249443038 523
249443540 500
249443940 398
249444789 847
249445164 373
249445504 338
249446362 856
249446823 459
249447249 424
249447617 366
249448059 440
249448428 367
249449716 1286
249450263 545
249450625 360
249451070 443
249451430 358
249451970 538
249452496 524
249453367 869
249454148 779
249454516 366
249454895 377
249455335 438
249455715 378
249456326 609
249456754 426
249457822 1066
249458717 893
249459179 460
249459732 551
249460204 470
249460656 450
249461017 359
249461410 391
249462215 803
249462514 297
249462953 437
249464075 1120
249464593 516
249465082 487
249466603 1519
249466995 390
249467493 496
249467834 339
249468176 340
249468506 328
249471506 2998
249472112 604
249472675 561
249473223 546
249473703 478
249474049 344
249474632 581
249475003 369
249475377 372
249475893 514
249476225 330
249476557 330
249476932 373
249477251 317
249477727 474
249478626 897
249479140 512
249479459 317
249480340 879
249480633 291
249481093 458
249481584 489
249481925 339
249483640 1713
249485161 1519
249485789 626
249486997 1206
249489326 2327
249489659 331
249490787 1126
249491317 528
249491700 381
249492113 411
249492478 363
249492866 386
249493262 394
249493670 406
249494302 630
249496050 1746
249497401 1349
249498072 669
249498807 733
249499370 561
249499753 381
249500530 775
249501230 698
249501736 504
249502071 333
249502411 338
249502838 425
249503145 305
249504006 859
249504369 361
249505224 853
249505553 327
249505868 313
249506793 923
249507177 382
249507633 454
249508052 417
249508408 354
249509029 619
249509475 444
249510004 527
249510424 418
249511169 743
249511494 323
249512110 614
249512482 370
249512850 366
249513368 516
249514013 643
249514446 431
249515032 584
249515719 685
249516176 455
249516506 328
249516903 395
249517210 305
249517633 421
249518450 815
249518905 453
249519302 395
249520116 812
249520448 330
249520929 479
249521288 357
249521831 541
249522290 457
249522629 337
249523822 1191
249524218 394
249524782 562
249525233 449
249525639 404
249526040 399
249526347 305
249526827 478
249527656 827
249528489 831
249528850 359
249529562 710
249530183 619
249530613 428
249530997 382
249531601 602
249532125 522
249532479 352
249532935 454
249533242 305
249533683 439
249536111 2426
249536435 322
249536980 543
249538253 1271
249538874 619
249539368 492
249539794 424
249540267 471
249544580 4311
249544944 362
249545557 611
249546003 444
249546312 307
249548068 1754
249548710 640
249549147 435
249549546 397
249549997 449
249550591 592
249551023 430
249551593 568
249552087 492
249552700 611
249553126 424
249553639 511
249554027 386
249554438 409
249554929 489
249555273 342
249556234 959
249556564 328
249557110 544
249557531 419
249558142 609
249558458 314
249558964 504
249560599 1633
249560941 340
249561349 406
249562122 771
249562606 482
249563396 788
249563769 371
249564160 389
249564571 409
249565060 487
249565887 825
249566232 343
249566727 493
249567064 335
249567582 516
249568055 471
249568485 428
249569253 766
249569664 409
249570060 394
249570695 633
249571092 395
249571457 363
249572043 584
249572360 315
249572754 392
249573092 336
